1210
2.9414696380790963	1.724901446364478	1.7388798489595473e-7
-3.3459168748165995	3.437106693028316	3.1091856055382863e-12
-2.313707739805705	-4.282068511502883	1.1816184966734888e-12
2.050365312885025	-1.238580933377654	0.000054763475178894
-4.695390450682183	-1.1516025410019095	2.362879254152645e-12
-0.7858086890180443	-4.766237946801594	2.254143944102621e-12
-1.992544899608436	-2.1002580921535774	4.923920834212475e-6
-3.8817907315847555	1.5240658339876942	5.247639327612475e-10
3.951075330734987	-2.7346911955430255	3.683889557361859e-12
4.698759656757304	-0.7244859521121788	3.925883302459745e-12
2.9948110020227903	-3.7446053443948593	4.2549694131792385e-12
-2.552691127109615	-2.994867474444995	4.619632752581697e-9
-3.4585084335190053	0.6934728059013981	8.623863802612135e-8
-4.455650600586956	-1.8438492956373	2.7240223009058864e-12
-4.266785195845106	-2.2540021764467406	2.728639884415617e-12
-4.144607947850938	-2.441768599418387	3.2696854882724928e-12
-3.8702600243462113	-2.8605238444265444	3.2058320410129608e-12
-3.737441106188426	-3.0399244541055346	3.048245082077739e-12
-3.3753732431223296	-2.736790883853138	1.855153636775733e-10
-3.3972219167411977	-1.9703907879485492	5.748937206381632e-9
-2.570054053771047	-0.9717212562062238	0.000011159554594369987
-2.6009538595981354	-0.538198212684003	0.000014290340365279588
-3.267672651970891	-0.3816507509740311	4.3960422907533043e-7
-0.12573212657017166	-2.120659761227521	0.00021621696215257726
0.315951069923227	-0.1320007623393769	0.018007213639199306
-4.100168362983727	0.22367886482014868	9.198444709879779e-10
-2.348253430335071	-2.687802196898108	6.745732716834536e-8
-0.00965442554723395	-1.7293024094624734	0.000879172204612057
-2.8873923764666047	1.4576600192376332	5.890432060470592e-7
-2.267754157105479	0.27384382847350724	0.0000994094432470531
-1.7903547747945434	0.39974243952555094	0.0006404485545177061
-0.6010328768557567	0.08253057080800559	0.016421893122382986
-2.138968253117564	1.1127164333944826	0.0000739343922656802
-4.462567109297476	1.76801883660721	3.125941804397202e-12
-4.699779893544829	1.1489960352308617	2.008336219342137e-12
-1.6068198894443215	1.1490940372542096	0.0004553870049210362
-2.740397741406749	2.3077287887993245	6.477148372358456e-8
-1.991095898957388	3.9177104820363766	9.15583453541915e-11
-2.0971125659810177	2.742787621961364	1.6307521720032323e-7
-2.7240904506898396	3.9256410973920843	3.0900387622190334e-12
-3.985445754148427	2.6504533715461704	2.326911028383591e-12
-3.633814654192466	2.856991120962456	1.000763383904681e-11
-2.0446070685361915	3.5008371686804725	1.7473938288797733e-9
-1.0226938388147429	3.0071345424251064	8.903136295026748e-7
-0.6384503958053419	2.30554603027095	0.000053623508166752254
-0.43059415697025194	3.1999627818588836	6.858631639310483e-7
-0.4403670956982776	0.9708931902427616	0.005740957978971757
-4.797664478974787	0.3415784015165346	1.8101794242353436e-12
-3.428534383403746	-3.3843324343496395	2.9618579987980958e-12
-2.705550901635298	-3.9848449015662926	3.192556733516923e-12
-0.45384294376343975	-3.403952041725249	2.0564640311360985e-7
-0.7187327584701989	-3.0780310947690177	9.651879191874965e-7
0.4064625688778313	0.2830334641161101	0.015805956772957333
-0.4102115024562367	-0.6580936692818928	0.010782502953064694
-0.05270616816369674	-0.48008806944376553	0.018602883141425587
-0.3787585083763158	1.7953115373197344	0.0006987600400153527
-0.8463598695282702	-0.26556257629837765	0.00883188719472664
-0.35885401621521945	1.3217898807125104	0.0032632441122460334
-1.9248655519717273	-4.356270317241508	3.473623000010734e-12
0.4080806202086848	-4.749380063493326	6.09212139116301e-12
1.3256502448880927	-4.68726797875674	1.1638721855746562e-12
-0.8315268297584917	3.3800368879259555	9.867398440922416e-8
1.8368309296520897	-4.484773047999022	1.8879914263699734e-12
2.5683766527934218	-4.023168030637024	5.031705973620765e-12
3.182230344247678	-3.6201801883875864	3.0003855417372094e-12
3.505164021672349	-3.2997840114374055	3.3594373972793345e-12
3.645084391120816	-3.11754263345706	4.1736621217762964e-12
4.07618824764096	-2.552168260460006	3.3434926647215533e-12
1.4568032251545397	-2.549845543306945	3.4493459752285733e-6
4.31942973831781	-2.1296296760793267	3.1462343087642642e-12
4.0419393275593	0.0025194846069963683	2.224632373205512e-9
2.4079019088932974	-1.1312141078483149	0.000014831600690329862
4.434425067556664	-0.11597474125709409	6.855521182268223e-11
4.791546185238803	0.4809286433182517	3.3230543544689157e-12
4.815831417965681	0.03792714886391364	2.5037522896782814e-12
3.543265274337274	-1.631847753381545	5.089100798238531e-9
3.8473270023175226	1.0502564827545648	2.8057197782264573e-9
4.480679211033384	1.7032752244094675	2.3460849287002237e-12
4.21294054735139	1.0396807587369108	1.6504991246967314e-10
4.560561298188856	1.3175891472421808	3.883084509664097e-12
1.3264985366167226	-0.6548733997887957	0.0020516854656926443
-0.3230401199857497	4.830768795917027	1.8689250369852963e-12
-0.7594998091624401	4.7857520187899585	1.864562375121729e-12
-1.4489048291161961	4.602465400468306	2.3042501648353127e-12
0.6973403531056007	4.555776519178536	1.3443601538419273e-11
1.2841153139714652	3.7699115837230535	2.37648668352985e-9
1.2902576100695102	4.5890624468544985	5.5284684986005596e-12
3.6734947684079193	-1.4937563297976155	3.2004814340237445e-9
3.9514786425730737	2.832232207687709	1.9070798396768408e-12
3.5153640049802592	1.8912453052587233	2.6644333468621473e-9
3.502648410379605	3.3754590574315824	1.746858754232741e-12
1.7244381916688112	3.7639032746330128	6.871749848241467e-10
2.3977169186112253	4.24739974555943	1.3111110759426406e-12
2.400546379303303	1.2776874201130954	0.000013085207256024208
2.390244913088134	0.7203542910773282	0.00004039842447099536
2.646107220864722	2.6919134044610824	1.5227764783555676e-8
3.0635989148432	3.115719902836498	1.0733011708201228e-10
1.4584242529495943	2.056747651030778	0.00003106515820532001
2.8002108336601195	3.9076393965266547	1.76272968480014e-12
-0.2761219595975522	-4.854527997925805	1.370666810070043e-12
-4.197901702883313	-1.8485064588720037	1.9697270126941742e-11
-3.5503054972295742	-2.589207120002095	1.1253301799784979e-10
3.392432819312821	2.6079864915388455	2.7272959387820216e-10
-2.3976640442635917	1.3974326035757751	8.027183489437238e-6
-4.519552468653516	-0.7609001082489598	2.147747201873353e-11
-4.77024047071444	-0.4196855307689609	4.862999920913348e-12
-4.507922601462112	0.7664484944175457	2.1471541079161798e-11
0.36360233768009154	-3.263924082523853	4.852819232520512e-7
-2.9544905701202593	2.9027315736604278	9.663128456440992e-10
-4.537338196331622	-0.5220903131957552	2.3126519185572092e-11
0.5605128381759658	-2.391289251634258	0.000057347809800315304
-4.395716695918701	-1.4484431670800728	1.1975990135260943e-11
-0.23157721502110204	1.6677632500033763	0.0010488265335184674
1.4128273650511132	-3.5001923499415786	2.105610938385452e-8
0.36842034380643063	-3.800524921852454	9.510269230227747e-9
3.523369385976861	2.459087752875913	1.9569662602085944e-10
3.0525476197093258	-1.0618823423295163	7.045057928644995e-7
-0.36320998485187794	-2.6270954021157196	0.00001908719634379738
-0.643169922017762	4.587601393749478	1.0071882862822411e-11
-1.416446216129934	3.390646257644197	2.3923040454900422e-8
-3.8749160009183496	-0.47620746518274576	6.719581972503005e-9
2.663245500382508	0.34195971672019104	0.000013111154630882384
0.37101872015518517	4.848145195110761	1.8576645058554275e-12
4.134065937107852	1.9681350913234787	1.810150367079862e-11
-3.5283237252626924	-0.6460485613975161	4.588085796150371e-8
4.342843696315916	2.250220197204901	9.562690948691964e-13
-2.698416751683295	0.696246389617559	7.893735088617947e-6
-4.545746176883554	-1.6368918004694164	2.4674260465548572e-12
-3.832159932309939	-2.0358742594188786	2.1410169284801025e-10
-3.2801236459336023	-3.55274813815087	2.2849747850286917e-12
-3.251071596496032	-1.5827217418897126	6.048303144785822e-8
-3.6542259234642573	-1.677191552423149	2.4941894838086342e-9
-3.078332520717631	-1.122439391326107	6.292541835409261e-7
-3.8154477973716943	-0.9068423256354843	4.377367417490164e-9
-1.803091637335456	-0.7906173919981876	0.0004219646716900796
-2.77091938400068	-0.6546270072144711	6.055799888437092e-6
-2.2435481131055957	-0.292413200515915	0.00011257558352170287
-2.1756649928887706	-1.381946581370659	0.000030074165957994435
-1.2542273625299385	-1.4831326932250293	0.0004693855302361798
-1.7200348896979551	-1.5663864827675662	0.00008464684183651426
-2.568764748868137	-1.1694878084305855	7.913053900762509e-6
-1.292642313854448	-1.8860395341336864	0.00010987648333597952
-0.5688528553507745	-1.6268368985260504	0.0008685934875472654
-0.6291462236391204	-1.9069660762384144	0.00026404050059567163
0.2594400927777007	-1.4810876441976328	0.0022059527009324277
-0.6409235339455636	-2.0945341677937876	0.00013411096096659092
-0.18426040734317858	-1.644922795044567	0.0012337425561942984
0.27465983591781373	-2.0493982667790647	0.00029695386721423605
-4.090049038761655	-1.1469045185083566	3.1913221240092025e-10
-2.7463677478719513	-0.00467428317343999	0.000012054653352256486
-2.9670792528925154	-2.270844116983054	2.0332179592286565e-8
-2.0444572920443784	-2.4261909175673666	8.426234504300814e-7
-2.0702791641196003	-3.1892535652868417	1.5218572553627624e-8
-2.3984205708806012	-1.7352413602212142	2.624642856364956e-6
-2.5181851383345144	-2.796503683420757	1.6351803797897423e-8
-1.3846165720082977	-2.665067744825356	2.3661069101231132e-6
-1.643398760683218	-2.338787401502508	7.116264835954496e-6
-2.383363277610251	-2.0942487473357163	7.759210125775708e-7
-1.7307400097058478	-2.715637109593022	6.86375383560057e-7
-2.0353009826032067	-2.975319065551545	6.069644738104269e-8
-2.02212072442337	-3.98820392483967	4.582324045459142e-11
-2.040902695022063	-3.5910393805121528	8.060747992270258e-10
-1.4619576641311804	-3.0305716709986212	1.973218413230394e-7
-1.6515094997095556	-3.1043311564095255	8.602395820467652e-8
-1.0028856291304902	-2.615741846463111	9.061872308563326e-6
-1.1183824289793276	-2.261409133590402	0.000027179992467511316
-0.3225986850875414	-3.0087903849400717	2.204493885356629e-6
-3.257474163085641	0.3817720369858147	4.1776068902852586e-7
-3.768892159556274	1.9376243068572627	3.215196395998579e-10
-3.647398965042778	0.6588755790815979	2.6468134328622574e-8
-4.746316055784216	0.717448709095465	2.4600280981456453e-12
-2.414158998104357	-0.21093300181272914	0.00005413284400509981
-1.9544786182297347	-0.3768211053894773	0.00035052875998416085
-0.6712867872586245	-0.3589558309339061	0.009620148558812214
-1.4172038110875327	0.5292879577697399	0.002146299507155491
-1.755802113526441	0.014467266981750198	0.0010081078187118033
-1.506931404541393	-0.5160747320043588	0.001405846118831517
-2.104093015128576	0.6430916554426133	0.0001716286292455054
-0.9997935445371836	0.35431954220057094	0.008685272870722294
-0.22419099118090893	3.2453501776475076	6.386216741996015e-7
-1.8227463646796855	0.7921409408275883	0.0004152411695643794
-4.162684217582692	0.9140293315674027	2.885134402678674e-10
-3.6080095551733984	2.0678446244922912	7.331102657967126e-10
-4.217887041522421	1.6775860055699345	2.4075755148775805e-11
-4.5393761136977	1.5821743633808723	3.1716558671550925e-12
-3.287725826503893	1.4891850662679365	5.496906566593751e-8
-4.276932026272557	2.123535468964501	4.3130750307438166e-12
-2.6394879382507686	1.1159952354563838	4.409159562177345e-6
-3.3479178058892605	2.3616039496410703	1.287342384609878e-9
-1.1898588733019622	1.4591085362450156	0.0006785166182327808
-3.506128355456281	3.0244798186038886	1.054436044712449e-11
-2.0658406962732725	1.5102445878200397	0.000026526218516665272
-1.7267030201354472	1.6910208053290914	0.000052424033976857885
-2.271338050046226	1.7215695816080532	5.332295542681532e-6
-2.426403139234713	3.447804612480075	5.888964443109059e-10
-2.8644271020586793	3.547961163327934	2.3258123169765755e-11
-3.0493363144191568	3.674433617079758	3.1625082622031494e-12
-3.8013681859693276	2.567626852664953	1.458959105484329e-11
-2.350973247638205	3.063955371167919	9.48116179161385e-9
-1.4145741134410816	3.9451104060068367	7.066917017720073e-10
-2.9370280348455085	3.3355824011931556	6.585899756641604e-11
-3.977187882430856	1.9612778066507013	6.139329057367477e-11
-4.174692008416184	2.320647896084013	4.289132446382038e-12
-3.393840095193236	2.575093202313246	3.505102809641091e-10
-3.815987888924122	2.982342283214061	1.637893933844395e-12
-1.535465495516512	2.688075589001152	1.4141850115454235e-6
-1.9037618918208772	2.6115207334868527	5.817052432102987e-7
-0.6542647093211524	2.857092269010184	3.8760332892265896e-6
-1.318481519513284	3.2342484391627195	9.376352570406837e-8
-1.6574246377411626	2.089981453652431	0.000018213609855090144
-1.6189831019232608	3.4213652148003035	1.2123767896177258e-8
-0.9663894877156928	4.691399351546975	4.897305310973138e-12
-1.973682015957911	1.9941756627907679	7.092368382017131e-6
-0.8769228968058255	2.578080605615285	0.00001229496847943911
0.09499133053883749	2.7057363445542117	0.000014685679807061425
-0.41315390196985585	2.0054763101980844	0.00032736965521311607
-0.3063510521640327	2.753484715297116	9.377583807896215e-6
-4.036767843264356	0.7459085897466756	1.0122048055851402e-9
-4.49351011130392	0.00872569081982974	4.346317926502464e-11
-4.486356398439149	0.5514455490288399	2.7874281073705385e-11
-4.849202889897471	-0.19474176974154514	2.3207492175767464e-12
-2.9329871578114477	-2.712187889965459	3.0209007310534574e-9
-2.9890305532807027	-2.9230130870480524	5.4942834390518e-10
-2.866096119036284	-3.6397244752658837	1.224616291368111e-11
-3.3368578151183197	-3.1456956977054973	1.9200547156070394e-11
-1.5954361283792395	-4.482268478467448	3.3196113961498178e-12
0.024131754513967377	-2.65404074360195	0.00001600720349719416
0.9402955882771293	-4.5394597030043435	9.548987199166327e-12
0.4287143754287751	-2.8043937328123336	6.8822446963394945e-6
0.7524658499924424	-3.4209806395648257	1.1245557580232453e-7
0.6870891676859694	-3.626899213940609	2.3432270888690452e-8
-0.1447586110965531	-2.998815881217849	2.5169619278039552e-6
-1.159964397136462	-3.935211588206816	1.2348657897191806e-9
-0.1864729269317013	-4.0968193388208025	1.2287486741506688e-9
-0.5758220944390618	-3.9597477323582218	3.0869347764723514e-9
-0.02132573830965774	-3.7214338930407243	2.2279087808957445e-8
0.47122938855494056	-4.2913524330930795	1.5554638251328342e-10
-3.097533148405671	0.84033413714734	6.578304332122961e-7
-2.5351702626688444	0.8063260347869966	0.00001601356519733374
0.33240764175017046	-0.6166531317414802	0.013976081582878714
0.1682096099665397	-1.1142750253510298	0.005992674088257656
-0.02613356821456708	0.04226782693328288	0.018781954714038526
0.5326107970505186	-0.9604379290361207	0.004821095091981157
0.9247725636300579	-0.8509333535755836	0.0037548562783143386
-0.813608906883181	0.6122565315512352	0.006919641898374355
0.9488118010389923	-1.3394876096496684	0.0013424846804839438
1.0840831718312487	-0.9602457863929532	0.002418682872018613
0.3486806492167891	0.6875879361198736	0.010986245156862284
-0.2288901119190042	0.6179051169247874	0.015095040471733519
0.8403091964982815	3.0603658310725814	9.09082099137217e-7
0.7495171950979022	0.8387597771174471	0.005634910482465643
0.11207537572235703	1.5886706643109616	0.0013626086446242957
1.1868682688583734	2.2889787537006976	0.000026927542572669856
-0.7951297870018883	1.9306566226822388	0.0002838393308461942
-0.7642562444221683	1.3763924607873503	0.0014829377443370938
0.10280145289396769	1.189340958043586	0.005052242396710048
-0.9666189698847987	0.9740922435739335	0.002224540021578786
-0.12912753568783397	3.6259106710673783	5.511222041145516e-8
-1.1019227785117303	3.5906478955003354	1.573446428085396e-8
1.090764552595157	4.658233875976251	4.3348318351963455e-12
-4.465637473139682	0.20782512662337893	4.39555313832047e-11
-1.0174571056664015	-4.3398597790113635	6.039043894579802e-11
-1.3598638165249541	-3.4478864177135433	2.088885134904331e-8
-1.5275531652032888	-3.5524480580996425	6.672103996311522e-9
-1.0873946729544686	-3.703719859905389	1.063438572851635e-8
1.3754884879482216	-3.946027645595615	7.423614957160607e-10
1.2900326874737036	-2.931456321566623	6.570241849667022e-7
1.1003808723266977	-4.717753989047916	1.6678293345390965e-12
1.482513014879646	-4.347148221878856	1.7886268098608902e-11
1.10440796583201	-4.20928652337163	1.1952628365373832e-10
0.6703171830942644	-4.2995945729180365	1.2284245764233423e-10
2.0751374603631225	-3.789086589930581	1.9854307716380477e-10
0.9792771758388509	-1.8789159315344381	0.0002017577568049655
1.401402738714962	-1.514796450400565	0.00031457621257122636
1.355294805920117	-2.125695512007423	0.00003896299739005329
0.8268207423869063	-2.318433794386026	0.00006034125724864815
0.8472084063859362	0.29295058547386293	0.009717781808787811
-1.1999572707891737	1.2314630107822564	0.0010186720036965847
-0.23636450200328218	3.84819748645864	9.96343459016973e-9
-1.0596294594771432	3.7964862828359602	3.7052933732788815e-9
0.5912480538121717	3.315520643515338	2.8165866964195673e-7
-1.2920030356896517	-4.504308595810182	7.886546414295682e-12
1.016165440827504	-3.1887493008553207	2.76868745612995e-7
0.7781581499366171	-2.837334147685556	4.495595908712133e-6
0.9906337902093695	-3.8244890571307524	3.638598247969011e-9
0.9676772154583586	-3.380651546012361	1.0434213408684408e-7
1.6990561571405611	-4.298702384969807	1.4510980999376971e-11
2.045370477479846	-3.990732316806406	5.001818955675741e-11
2.418878501490944	-4.208311788946243	2.5019994372679622e-12
2.1862529715001804	-4.168696512718301	7.203615962125293e-12
2.076285124934107	-3.2262211838003974	8.71614083965832e-9
2.693522686772208	-3.0635119273944174	1.8122232527780964e-9
3.151659130646832	-2.9864106208188974	1.751075701664958e-10
2.7706832784105826	-2.842086006958961	3.6562645793548108e-9
4.385308635190308	-1.9161344260072484	4.649402791051145e-12
4.111326913987654	-0.39818393542692254	1.0476988042124597e-9
3.7999091113644314	-2.2179177315797447	8.62189752755171e-11
2.1584592885146594	-2.027244461080798	3.3139090725697385e-6
2.079532970695561	-2.228257454665439	2.3552444092445075e-6
3.5616169625329794	-2.870848334936532	2.2882183575166655e-11
3.2695039913368795	-2.6242720108035074	4.917793048050842e-10
2.928170472338946	-2.4367518427495796	1.133966844915695e-8
3.358078486388002	-2.4502462630194835	6.244643496887765e-10
1.7664763083078154	-2.7551072029335035	4.82239518960268e-7
1.4494437738476105	-1.9023921849676257	0.00006694917132715868
1.9584655627976713	-2.41354172328044	1.4675371631321373e-6
2.398559090398127	-1.5101465946667503	6.864249161105593e-6
2.57613366899708	-2.064666349328546	4.0088176979435744e-7
3.423327249385678	-0.17527806217141229	1.6390388991549338e-7
2.724530359470326	-1.8950785850300174	3.513837204043036e-7
1.7168373151180072	-1.6268984976066634	0.00007257647869867413
0.8128408536570504	-0.36243503129405674	0.009431388938878207
1.852021419202114	0.3657292724936158	0.000589054107890082
1.2287257887564347	-0.26947279450804396	0.0036998153394541015
1.8626100240119488	0.8191191503111658	0.0004051576556824892
1.0613503425513242	0.19589457589216677	0.005675420069208997
1.7391699749668807	-0.18004089281163613	0.0007742155217492275
2.1323881917870273	-0.27288225438253955	0.00021887815221263086
1.7534538784029488	-0.0069944953867467465	0.0007630243589862499
2.7913415440475586	0.18384743814366505	8.723200145112637e-6
2.3960109297950196	-0.765614091542687	0.000031400024740479675
3.088765684432567	0.40948777293799915	1.2487545021553619e-6
2.234162021387272	0.1369956087483448	0.00013835549279012034
3.6683398440750405	0.25582254818796013	3.333345942989517e-8
2.8122901692553013	-1.4641464526441368	8.944086342566519e-7
2.9844786278546835	-1.5694212756095816	2.5686063601643987e-7
2.8521765385310776	-1.097188269314021	1.8935785716942666e-6
3.887067436251685	-0.39898605817225563	6.880503738387809e-9
4.546481712373567	-0.32218412002311525	2.3512089730294484e-11
4.157375591413808	0.6856896497141716	4.6476652312070383e-10
4.578158616189148	-1.4936618145707017	2.7776715100102686e-12
2.4084305094759393	-0.4180698056042424	0.00004562456055894349
2.7125344527027178	-0.5962752872413156	7.1294069337957285e-6
3.418197545416873	-0.950459333846322	7.287616410606369e-8
4.762086667519718	-0.33846374690309255	2.9775312520060754e-12
4.002736484989526	-1.3261438134809034	4.0891611537025404e-10
4.007895166436274	0.5756822251801352	1.6173020136748686e-9
4.342942278602639	-1.5164407316677448	1.6055400144419203e-11
3.614309026338205	-0.9503941217361782	1.5389839998075144e-8
3.936078882062952	-1.1446312392899802	1.0061654057424444e-9
4.65801870904479	0.6140309610804651	8.615128075862667e-12
4.021093961110006	1.1273838211102878	5.487400328600145e-10
4.292985399038573	1.6085590157155356	1.637910271172007e-11
3.4735137475209488	1.1849289696304992	3.287955729140696e-8
3.8954404956748996	1.7013577156758815	3.476924732241325e-10
4.277667075340329	1.4136746887703817	3.279109290021807e-11
3.893363578533971	1.48542170340679	6.53562306164197e-10
0.14795835966398616	2.3409133673637506	0.00009344150187375703
0.5246839627700082	2.5749714084636066	0.000026332395784462148
-0.030254637409224013	2.1395361311999834	0.00023698270486341436
1.3731603406047264	2.7644750850980815	1.4016529060831199e-6
3.2792071738889557	3.40466805637858	4.726904224549852e-12
0.8124244803268429	2.22844588489525	0.000074204411812749
-0.362550937155347	4.37871967270487	9.012440630011102e-11
-0.13719749852566684	4.732372472092056	4.54175261056071e-12
-1.0352196303531322	4.20729356218049	1.9763841170137016e-10
0.318602362250811	4.377339515104357	1.2113574586693864e-10
0.8969601721949003	4.223520300529747	1.8015250046131376e-10
1.2501601482561027	3.3833267602502914	5.537891236916133e-8
1.688091630636359	4.443388936059135	5.993416797531739e-12
-0.6733011851384837	-4.1830304964619565	3.3830772375295537e-10
4.710509427620595	-1.2914293217514974	1.1814526269796917e-12
4.317437626161643	-0.9334757025806085	8.545220014231455e-11
3.0037457607067664	-2.21591758828823	2.418230208801395e-8
3.396190644954976	-2.147430188498139	2.222841019591889e-9
2.8334654564643236	1.1726846869905243	1.4634160244825555e-6
1.1309600765828494	0.9234249510344724	0.002695271119017597
1.3051716886464055	0.5167180679397305	0.003668047123470723
4.1176583950668775	-0.797791900372704	5.789866448537966e-10
2.189581037899711	3.1037618745049786	1.382993595186358e-8
4.330986414360314	2.0370130821291523	2.461789806208951e-12
2.068236387286402	0.930181273719546	0.00012333051370899039
1.9553891375722088	3.4471719860263494	3.708211450935616e-9
1.6035848447111	3.6145001481440726	3.057649878827166e-9
1.4977415522071686	4.032976290009746	1.9435739028908995e-10
2.7802362167342634	3.526383756410745	4.397659856572248e-11
2.0979602025784	3.814639153840475	1.5510040488436453e-10
2.183279829295549	4.2046144740956795	4.515214822437182e-12
2.263083562847948	2.2404965262907113	9.178122828592558e-7
2.1422416973548657	3.3149894321326587	4.748852646608138e-9
1.866370600045241	4.3348000267451	5.879063990242946e-12
1.0495577262223899	3.4181245959054665	5.978827350724877e-8
2.725950229751758	0.5405113012345255	7.917139007464941e-6
2.305246166309309	3.7278269520552842	1.2631973739455363e-10
2.5894853643799958	3.3876952482286855	4.1397035059693135e-10
2.2940874240091804	2.018763541572991	2.1737999258053385e-6
1.8822843536456386	2.328419151195217	2.2678468946144887e-6
2.694084734255352	2.0411213809902247	2.3258613845315478e-7
1.6959993644302394	3.0665832834326388	1.1133026556336164e-7
1.317113640327318	1.2670784933315595	0.0007542540309753491
1.1164967144448839	1.375933388616383	0.0008679167794183814
1.3923927919223895	1.684820609498756	0.0001904483713307697
1.86789258032544	1.31500446448339	0.00010496771864137873
1.5412982150602563	2.401089482366179	5.502338615361694e-6
0.5306141712311808	2.3484365003467937	0.0000581626745330065
3.1111727914976743	1.8460665942164198	4.904116964455294e-8
2.862428131246492	2.142354673157204	5.975792978865763e-8
3.064981369475922	3.700130255491792	2.0044734700787776e-12
0.30364402413851066	1.6340464543647355	0.0012791586134718767
-2.8983118924795526	-3.877158641992587	2.051205313183304e-12
-0.04998280070261597	-4.82714327631509	2.2569639054559484e-12
-0.3208677823395371	-4.640007510568281	8.170714966121099e-12
-2.2316960187909625	4.206072736853958	3.1958829257905762e-12
-1.9520098412556686	4.340027355222662	3.5934037450858793e-12
-1.7573235494605821	4.397928901215457	4.686563806899249e-12
-2.1253386362331126	4.41736883160882	8.260995762923326e-13
-2.4259288479727337	4.224161912720778	1.2483645872970766e-12
-1.0438005360108793	-4.775126440655427	1.1560852971628526e-12
-0.45776083088925484	-2.8079517114934416	6.993989703736347e-6
-2.223866083302259	-3.4918787360160017	9.509640207320957e-10
-4.377964701278637	-0.3809889659559908	1.0014670911635696e-10
-3.0805333507307786	1.8071052523307904	8.100374265041076e-8
4.122538991051105	0.2184757379140132	1.0635517527818688e-9
-3.806227930017343	2.3738082630280877	3.9539341921544544e-11
-3.5721755015953645	-1.4812910682664255	7.04351898124332e-9
-3.538700413781492	1.7477723152756683	3.782742744558659e-9
-1.81979996981062	-1.2457827253518226	0.00019902063893393772
3.605462408927924	-2.24137228726479	3.1485666732800064e-10
-2.4846155379920845	-3.1944234551818127	2.0911088025245654e-9
-1.574531065656239	-2.5547865316880096	2.8502880668307896e-6
-0.2339276104502785	-4.298488912692236	1.8773113371400156e-10
-1.321772950756475	-0.5972766092820241	0.002312233770440368
-3.1347716842319158	-0.5552420847659859	6.98578308431241e-7
-4.458177654519351	-1.2225645228764426	1.3112873168775164e-11
-4.008618861709474	-0.9575663662044691	8.447075807262799e-10
0.29714473369874395	4.141072357480622	9.043424325867103e-10
-3.499962310741741	-0.9711714975484259	4.375293412189977e-8
3.364233129215172	2.982652293934355	3.880127524048841e-11
-1.8895756956960452	-1.6885115200339027	0.00003374296670367549
-2.7511312796662466	2.9690791389673934	1.817629002647491e-9
-2.3081130779654417	-3.7836193709235117	6.441805321856941e-11
-4.716147343479065	-0.9309023243206415	3.3422007484866214e-12
-4.309474223562902	-1.0742628199591207	6.103393322463936e-11
-3.8772896990185166	-1.6402113944481906	4.2514990050168747e-10
-3.905976026400763	-2.4335524829809376	1.542364460184438e-11
-3.3615321395485402	-2.22397054278896	2.7132880999199186e-9
-3.760161015437596	-2.256818507123628	1.254344961986358e-10
-3.7694828456308667	-2.640776398085503	1.524544589313636e-11
-3.8940742876503287	-1.404258122125086	6.214860962043219e-10
-4.062476043785688	-1.6901493710425282	8.525586744590349e-11
-3.1608955138705666	-2.3748016861503722	4.219228058869235e-9
-3.0059311896560814	-1.5435282603093818	2.9338260854692063e-7
-2.7182715817355434	-1.3274230860887162	2.0815809330190725e-6
-2.982249172614174	-0.9160424032081933	1.3658510621567372e-6
-3.3805284345579167	-0.7776506253005483	1.1487044899250411e-7
-3.7425834779896454	-0.6983085748708823	1.4042993337614963e-8
-4.326969674705725	-0.8592107820443243	7.532182172288653e-11
-4.105791429511627	-0.7565734244284051	6.834034625591345e-10
-2.9845925783017884	-0.2687595535389711	2.859810306960415e-6
-4.072793642219601	-0.3600636169613224	1.4220189948140878e-9
-3.171811785466213	-0.7686323053157802	5.362957684048945e-7
-2.7780998640189756	-0.21353689608166337	7.74336440791745e-6
-2.4284766568996607	-0.6344982817150356	0.00003404675928329882
-2.1888700732049657	-0.9888616430016322	0.00008626503191290875
-2.3810377893730976	-0.8494389642775948	0.00003792063854204623
-1.1620149365434853	-0.8541877544244373	0.002596681039224618
-1.7512530826910313	-1.0138630497398256	0.00035978290869218476
-2.431512746384622	-2.306178163234891	3.248262045987475e-7
-0.9699014053383268	-1.1784790461565327	0.002231848362547934
-2.05173910024305	-1.1899153684175028	0.00008876820622257179
-1.0553653797143405	-1.5474837323806765	0.0006285147746442325
-0.5126900512359739	-1.2676796554650565	0.0037546755539867786
-0.5731889082949138	-1.0029981951182816	0.006430561101650093
-1.7554480971824062	-0.3591744941919665	0.0006908139433018192
-2.0500122932716223	-0.5778210351694002	0.00020966422707000302
-1.535108468624446	-0.961017724668996	0.0007828915418549097
-1.2685151620148427	0.024647115368829263	0.004969084015029585
-1.3807304367216604	-1.1389797378766275	0.0007773219936329246
-1.401302345272174	-0.8047094004869886	0.0013353279697438933
-1.0740040805071351	-1.8949629640948904	0.00015653620134298884
-0.27210122916175267	-1.248819130327464	0.004703239115859809
-0.8865776430837431	-1.3822334463879216	0.001552613909251489
-2.526416505040801	-1.9486622951295858	8.326666924640883e-7
-0.9328571435630484	-0.8289995784834682	0.004003927777310004
-1.169722236544732	-1.1057259644599378	0.0014463021663838225
-2.6702362141989857	-1.5505155697531452	1.3917650676817766e-6
-2.3929239105913607	-1.300684138051908	0.000013207944088278824
-1.40917438923674	-1.3473584913766947	0.0004651204832376328
-1.3147662642973386	-2.317074381323671	0.000015031194443527427
-1.3476054788741192	-1.68056185924068	0.00016989829819451311
0.4141541339190021	-1.8646232473440136	0.0006502921175446679
0.13128708120343047	-0.11789940042935933	0.017394493439264684
0.047281565153350504	-0.9082865080254099	0.011438123660153152
-0.6512575224245543	-1.4420719554133503	0.0018139186121473511
-0.7711279580698517	-2.495310138493408	0.00002720121574756171
-0.1347637263429632	-1.4247781265781745	0.0027654819808298897
-0.7509479083941338	-1.7639677436231118	0.0004252573119899174
-3.7002326869626985	-1.1046327275854595	8.281972129576784e-9
-3.741754234905247	0.44463213946408003	1.767315479065779e-8
-1.4486761405764197	-0.2720297357593054	0.0023717896663533336
-1.6358329307875563	-1.926157535503285	0.000034456430319686206
-1.5668678081152048	-2.1296538430924548	0.00001808384478021294
-2.664180077226472	-2.2332743290503934	1.417317147217932e-7
-2.8731092928308244	-1.7629816935292524	2.7419973445471333e-7
-1.8764162817539367	-2.2908584398724328	3.5802561710943995e-6
-1.3597521394651533	-2.861084674897968	9.653449632889958e-7
-1.0321160802419367	-3.299920601418097	1.5419703186746123e-7
-2.8299002141255043	-2.0210763398923115	1.281822589636784e-7
-2.654513232725646	-1.7855784845610077	6.404730852365931e-7
-0.9286111464180347	-1.74081488761021	0.0004100686753283714
1.6337996241296353	-1.4306384096375224	0.00019348310755574463
0.777067841046994	-1.2071846939465831	0.002345683640441791
-0.32666939413788754	-2.077164918163529	0.00023987748186144362
-3.101291830591759	0.20341256051997464	1.4910861615765727e-6
-2.3231771095423706	0.7206353655810384	0.000053800519578345815
-2.7899374217883475	0.1942405875702884	7.660243513821161e-6
-3.4191865683328624	0.0038855960585360665	2.250577548519783e-7
-3.2683714947238545	0.5681809459127154	3.7568434902775043e-7
-3.4509358324827883	1.0899138397993156	5.817064818057222e-8
-3.0402354705719006	0.6384542456238327	1.1700365040000124e-6
-2.6170134524726696	0.328572993146972	0.000018002180034685868
-2.0800343878311653	0.21173073945080167	0.0002458456892102818
-3.79979837182368	1.0293099730165693	5.179812827897567e-9
-4.369821990601576	1.3684346842307649	2.2886666036639832e-11
-1.6419739980812	-0.16077360234101476	0.0014338852345725569
-2.0104142946297614	0.032620256058001854	0.0004032317107726553
-1.4423524184636578	0.20552339232988537	0.002920413713302332
-2.7943891751428587	1.0220272442496698	2.43297253961767e-6
-1.0463742259176727	-0.3301869247563054	0.0059657430452867265
-1.624143605047194	1.4988794319332004	0.0001860131484399568
-3.0975738971751237	1.1309005547616124	3.6942793611042586e-7
-3.6599370276824184	1.2093067989934938	9.722717532093517e-9
-3.7102135793592814	1.4167212838574912	3.471311773117845e-9
-4.0696815399286566	1.538951104834517	1.3030528853223407e-10
-4.1189246061208635	1.308040939695358	2.3367714600499287e-10
-1.7625808863341805	1.2858050114794242	0.00020774783249303654
-1.7372256875644556	3.27272580935862	2.1138906013355517e-8
-2.60947298850825	1.7532516217927545	1.3962861736834372e-6
-3.3799927747494545	2.0405619921608027	3.79545739130152e-9
-2.888282320408663	1.9158677873026762	1.742271811892389e-7
-2.3437432645558087	1.1699926030975112	0.000020820694654340394
-1.2662709016778584	2.2254280738505026	0.00003863135624310757
-1.824813347378345	2.9282922734742187	1.320286705017011e-7
-2.588389323863116	1.3206815859868428	3.869639166544295e-6
-2.303867770820931	1.533421159740295	9.362002175650664e-6
-3.3173812739421455	1.8314916506063341	1.3590121202240457e-8
-1.7446761289846988	2.740620575288401	4.739336657188111e-7
-2.9627470554260373	2.61798178827588	5.292750585309744e-9
-2.49034856607046	2.6369213055452523	5.5571184541269843e-8
-2.5507648725332936	2.866468601542773	1.1171707916231228e-8
-2.3713498375141078	1.9152655145792827	2.3340532612015646e-6
-1.2633428664325794	2.47228033871286	0.000011060078808582365
-2.2426934986362608	3.5622468535767697	5.655471444342036e-10
-3.156327422419446	3.2787072561770634	2.5991184526704034e-11
-2.652273033262852	2.0048905025473664	3.6941188741926277e-7
-2.2194176300482447	2.152007490503789	1.6354171950941317e-6
-2.3113600708260797	3.8051198381931277	6.613626579192704e-11
-2.5279270697552847	3.8040558050757065	2.1461321326518812e-11
-4.174189302728928	2.535179452150067	1.2337227915104676e-12
-2.2396531260022408	2.584197767145063	2.316702948785663e-7
-2.2826939212465716	2.375576473309766	4.715176101817948e-7
-1.653604493857572	2.322544028719832	6.961897203114426e-6
-1.9865438880979671	2.212807561865838	3.358697017785656e-6
-1.4293879983099274	2.0202481897964173	0.00006055201119765899
-1.9916611643030389	3.0987211938891277	2.9694282820361926e-8
-1.3809441441854946	2.844041946769922	1.1117064586826493e-6
-0.5187988374248022	3.606079926008498	4.450308994992431e-8
-1.1465966761934017	2.8411129538040387	2.0364306589387164e-6
-0.8176491258574223	2.982796997251752	1.591229299038791e-6
-1.4980651094706672	2.48185076391618	4.719862529492825e-6
-1.407832591860293	1.570475575268106	0.00031193369199383417
-0.3371356904587442	2.3981347150507135	0.00005768475445670731
-0.013915134422176376	0.75229425189123	0.014196151177260951
-1.1237430257292516	3.196996192021792	2.0390351177614243e-7
-0.8393727152347956	3.792871182222809	5.641816422534401e-9
-0.20677946207504322	2.5540321062718485	0.000027289370142819223
-0.818455846165947	1.7012883166292918	0.0005870302574681537
0.34136228924732126	2.2714164301718585	0.00009951042634348869
-0.5311562464313806	2.49649985521497	0.000029535997734201946
-0.6752037450210033	2.6550457991974654	0.00001120337790713021
-0.06998963841352336	3.041608134169558	2.4177806193116455e-6
0.19542655378260598	3.046575663404723	2.2591694501137856e-6
-0.09079343212563742	2.8327175226062415	5.850712856069251e-6
-3.277813123800112	-0.1656096987583799	4.404776262036286e-7
-3.657532608887134	-0.10926978525318884	4.0745189383703856e-8
-3.643547916079187	0.2385766124406183	3.9887400449041315e-8
-3.956178145414849	0.3780954393942535	3.103701857241026e-9
-4.079271704713293	0.56718885314447	8.433018785737005e-10
-4.458822336671964	1.147213273149374	1.7313406149594303e-11
-4.860902064060307	0.5381614818421216	9.036320140719858e-13
-4.412463330313178	-0.16508235105438823	7.932554176721564e-11
-4.882799348635299	0.15374086620084715	1.0783677139517863e-12
-4.178499502781392	-0.14843802316498578	6.332177910573216e-10
-4.086477899099369	0.0205323520127997	1.4137050842183546e-9
-3.034823212843791	-3.2850464482474506	4.591358420970031e-11
-3.041109756441272	-3.4934014292553006	1.1942282974934832e-11
-2.653271071281963	-3.5911799986953192	5.782664179410949e-11
-2.4636856323841956	-3.944196733147424	9.864540130608131e-12
-1.9048111322595154	-4.140012199983222	2.066672495462774e-11
-2.4550081677097677	-3.6187077623588833	1.2782815883017076e-10
-2.0478273865448706	-3.80529672905173	1.6759028043962837e-10
-0.4620961703082472	-2.255551090653143	0.00010808374089780971
-0.28631657913014114	-3.541872939970603	8.58843258480333e-8
0.15411832534810183	-2.2931615868628197	0.00010103313618730142
-0.17207803477452457	-2.549341291185779	0.0000346478015431213
0.2052895119631907	-2.5222454517200594	0.00003205147676495157
0.409317303903392	-2.5980982581046743	0.000019678110179959422
-0.11516736370780363	-3.3587759414363645	2.8880281706112036e-7
-0.9108519548934214	-2.830492832872755	3.5316075300252706e-6
-1.1536376178520475	-3.505447610225684	2.962235659775645e-8
-1.1531236289979225	-3.1211439912720116	2.81908085098248e-7
0.20785205638760385	-3.1103139103810005	1.3502957497017168e-6
-0.6876844867494522	-2.838935512535064	4.841733369846367e-6
-0.020509182122784745	-3.1768208058978247	8.293332380023861e-7
-0.2535099795176481	-3.767519032472855	1.606803397120356e-8
0.21690966332842004	-4.1715612266122895	5.829955650724224e-10
-0.3800803159475143	-3.9222340709545307	5.120871875465538e-9
-0.7020394848452831	-4.556528155664136	1.3875081529543377e-11
-0.14233205631522514	-4.4757599904005785	4.534537959724025e-11
0.8204743440924465	-3.7491894202880833	7.647231012811917e-9
-0.8040335916680443	-3.909492872118834	3.0376813809063407e-9
0.3087245535223056	-3.486024927080272	1.0983125617153143e-7
0.6389298422402927	-4.740033527404113	5.177512092158487e-12
0.4814358347335478	-3.6240314406062035	3.321541134242437e-8
0.4019589296649396	-4.0910286751294525	7.784306303176339e-10
0.1295943432310718	-4.396692935397699	9.368588389793675e-11
-0.9332903472743134	-2.3374853058041176	0.000028916121589576903
-2.8562065924624918	0.5816233382545685	3.998773240281349e-6
-2.9351324686725073	0.35864742053285925	3.169240707296577e-6
-2.572251500263184	0.5198157145350883	0.000015810899186564657
-1.0980085528570414	-0.5452507104649225	0.004818085590390333
-1.2417077746797114	-0.21318814392292845	0.004497567177630724
-0.36921980984686525	-0.848940017603569	0.009390719035655923
-0.4223722569095468	-0.06323069984549431	0.017741129817548797
0.6405732172896524	-1.8796520119079967	0.0005020763080951852
0.9282822621146981	-0.5503339382425252	0.00677971577353701
0.07672584925896535	-1.3220361587149836	0.0038553148166723065
0.49338847895082444	-0.7552137259862542	0.010437167771057623
0.4846913399431628	-1.4459479819912617	0.0021557697261882047
1.1059102306964321	-1.195409756428436	0.0014316717894100484
-0.07083735550258567	0.2518169461572225	0.0214829478035603
-0.029147021136537776	-0.2673879839555579	0.01762792274887509
-0.2804076576000794	0.36797424781748145	0.02225519639115116
-0.5144503152261748	0.31889161221841217	0.017650707884754466
0.7503418585636484	-1.0027935532784098	0.0034369645356607244
0.560943029912482	-1.2475420054614044	0.00265210754391166
1.3294435084340337	-1.7058776968575	0.00022349847239399846
1.4698593205114658	-1.135294476401125	0.0006650876115496024
1.8713437523440168	-1.1090055390120703	0.00020154717922150098
0.927525420432823	-1.5585918342198606	0.0008952803283046053
1.4817079691606556	-0.921501673410017	0.0011226204596987098
0.6752133410899773	0.1328650598482458	0.012662432263578795
0.7286287548154232	-0.0945075122475825	0.01142030593526434
0.1391539677161888	0.5725138414405717	0.015831396211480487
0.29527000004558135	1.0920030469080197	0.0053283263381054425
0.6766780318657861	0.6231198407360972	0.008967382028676961
-0.04389140013573576	0.991207307682666	0.00971962193064997
0.3629198252819513	0.8860200261919738	0.008383707255729156
-0.7733825574544942	1.1889047899553016	0.001974686638498943
0.5778029300220054	0.9599535625353524	0.0044255322198506735
0.42280772983203946	1.2785680085943099	0.0029800941492354603
0.4399627967183824	1.4826374664557842	0.001875733589324528
-0.9642593402708959	1.5280844372322444	0.000991794217584328
-0.7688898811239648	0.904927586268825	0.00349462103546068
-0.7689071208890469	3.598067961322442	2.738655039478851e-8
1.0941454697123698	2.919631121891182	1.50721493342445e-6
-1.697142940268607	-4.03766576195672	1.0815521841800811e-10
-1.7076081700793768	-3.809910788206584	6.569707082077908e-10
-1.8193689136438405	-3.60368568807557	1.9673849592166497e-9
-1.3693557183492677	-4.018872884858948	4.0300324244792735e-10
-1.6362230160421132	-3.333608219388987	2.170277181872988e-8
0.7071581536353089	-3.944586223201404	1.9059853272828304e-9
1.0735835691772524	-4.398136298554467	2.5548124775205838e-11
1.0591704553073338	-2.2988298454185814	0.00003981165894381435
1.6146195094478268	-2.929091638874334	3.316464403406347e-7
1.0934735786234437	-1.6973535781948703	0.0003457409964305353
1.917743775476945	-0.8581392415436697	0.00028374985377507855
0.713864135666998	1.7177608661320798	0.0006814948548652274
0.8699587100412771	2.824010864648891	3.820706131545685e-6
-1.1980292147823248	0.8557665295857851	0.002406369098004113
0.4984909937175793	3.8313511690078292	8.810249289185217e-9
0.14955380904100327	4.4849721811351975	5.602806732125493e-11
-0.1517737248073551	4.286164325979233	2.529812948914049e-10
-0.8083898536730746	4.232502754091453	2.0741047443910571e-10
-1.3516591414473291	-4.266763001308203	5.6705881580250124e-11
1.8438536803211534	-3.6718821387524283	1.3536867496902778e-9
1.2039013854412353	-3.7872279942035982	3.5920488848386226e-9
2.072859071638372	-3.0169936284766763	3.0535840733236226e-8
2.5438670097972	-3.767872944733505	2.9256542050110496e-11
2.4168420508053186	-2.5812709135334697	8.628489112670703e-8
2.3267205579704417	-2.9206006580068014	2.0708371048900766e-8
2.6658577181162757	-3.4503275874166897	1.6946531575940973e-10
1.8341482999178567	-3.2821298072278418	1.9349130563369414e-8
2.8407340062834034	-3.261691044353156	2.4865713418559577e-10
1.9541339529027308	-3.4765794603563367	2.898698095697394e-9
2.2037421588727435	-3.5432673871130373	6.332327726291479e-10
1.417966448337783	-3.244550798043824	9.305976434939359e-8
2.2578182278856174	-2.717642722944904	8.10254488316999e-8
3.9716697176231937	-2.342622740030109	1.4072338522682043e-11
2.5455421171140853	-2.2607582995652247	2.2500918801424047e-7
2.294373927948985	-3.2550924600872286	2.822218012462688e-9
2.766052240589877	-3.660776765654349	1.802402598313393e-11
2.4271088887451007	-3.4352152485114242	5.117364572275231e-10
1.6518313838169822	-3.1737092911316775	8.415181934163928e-8
0.9312686641474338	-3.0053333921982257	1.0407570894717837e-6
1.2355545867514766	-3.141114885392527	2.3662591176872095e-7
2.9846060491137116	-2.857177575573739	8.972791394218444e-10
3.9698875700958562	-1.8980155102809464	9.936095504339081e-11
2.711776736395791	-2.4040743232078343	4.7385251089817065e-8
3.4170799421807394	-1.958726966076913	3.6198100117538524e-9
1.7341145908050437	-2.2868964727888974	7.10021217496146e-6
2.0391576750722584	-2.6276670009864365	3.939343744616462e-7
3.98537223710813	-1.6813063263846824	1.8877075654799465e-10
2.216286267094853	-1.6049001711708992	0.000010318614531987358
2.718520188734138	-0.9116042145374595	5.512752317466554e-6
2.4722860252346552	-1.7348414324040278	2.0867820784157624e-6
2.083395900598639	-1.755030881764349	0.000011476849899191505
1.9474346657981063	-1.9439536949823562	0.000010728492734274202
3.003069024927656	-0.39108542257262985	2.0992736094670504e-6
1.5539252860755388	-0.2999317642131174	0.001598981255831761
2.208520876831726	-0.8929379536229766	0.00006399258272174792
1.1757531521674391	-0.49402593724562355	0.004567043182381853
1.3769834202012714	0.07876687939977964	0.0032437823870416858
1.251098032312887	0.27657167410749256	0.004536030120300914
1.7548203717258688	-0.5316700764064209	0.000771620345393331
2.1422325736332626	0.3919599730727656	0.0002162545420557113
0.9734994722821901	0.005185408079779696	0.0069890101544553196
1.93705659566898	0.1253830022534394	0.0005578926863017499
2.204876953852279	-0.46920472003103847	0.00013898994515422605
2.5495881882037317	-0.13450684832914803	0.00003549561294401327
2.087578597359023	-0.6742395244576425	0.00020475686707840203
3.2085915920869983	-0.10736061616167507	6.86659786284215e-7
3.6289669017700525	-0.053427913332926166	4.509179513261298e-8
2.9866053649706656	-0.15103700512413987	2.827636184236495e-6
3.015199032369008	0.2078342399559943	2.09014369121967e-6
2.5883778085281106	-0.3294763513678128	0.000020244944613250682
3.3397710728656786	-0.6263801199928123	2.2974229044011902e-7
3.4443923155976295	1.5785253450594718	1.711957736236388e-8
3.3241844949953787	0.45875542854338536	3.365933448084123e-7
2.9446695310875963	0.8663153636040029	1.3599624971701883e-6
3.217104823763551	0.1264917906533855	7.730885094402459e-7
4.548921022089965	0.8237810811697394	1.5559515778864935e-11
3.45941222691246	-0.37556537417263264	1.2368741512358932e-7
2.747205381420076	-1.2765827043505127	2.4061922889930376e-6
3.3006634510096866	0.7066661518249016	2.697413664555624e-7
2.8007655935857656	-0.39803823738528	6.362124349041947e-6
3.095947841139698	-0.7135444459167251	9.329122542849321e-7
3.2237775454229016	-0.9004775825251345	2.703902991812553e-7
3.690928641572482	-0.46718002247839197	2.4434544683642582e-8
4.334302462026703	0.285345211213769	1.7447920801996993e-10
4.197304336034381	-0.5940877667349891	4.471722612919103e-10
4.770829735807918	-0.9428157471883755	1.9130946197406654e-12
3.20288624483787	-0.42551261963358294	5.844867414613136e-7
3.6031553843319877	-0.6709122115155421	3.753295060677924e-8
3.1971946947715657	-1.4850949957436006	9.597183583978469e-8
3.7614861020146844	-1.973324155358042	3.038127428229696e-10
3.8051826570672493	0.6479751930481857	8.951078874645863e-9
3.767127186904303	0.860657951405629	9.462582677297867e-9
4.494431696451229	1.9131238648963356	1.0613639829357823e-12
4.151063530269376	2.5611947125658046	1.4448944110573563e-12
3.90801156202774	2.0050970882566532	9.064924721946442e-11
1.7000324267056994	-0.7764248470605024	0.0007364682310104546
0.3781109127588174	1.838610737302768	0.0005646940791103308
0.4285498072343258	2.9325226768324146	4.341455160468597e-6
0.9480269821478273	1.7067077444778767	0.0005246093978330186
1.3317743948237908	1.0393850907225997	0.001344999943838112
1.369819669608044	2.264713463578235	0.000017054196371761903
1.5197686954455454	2.603599432722077	2.538008459684904e-6
1.150511921340934	2.505399162993704	9.570275875755523e-6
1.1857505618508841	2.6767771658749817	3.348815009974462e-6
0.3180627417884508	3.6579627976892013	3.9719644910779555e-8
-0.12149794574672977	4.0696803992502995	1.833708786943542e-9
-0.5231438670327807	4.024409057104666	1.4949317201053424e-9
0.11468318427537419	4.019559881882014	2.8481786872333564e-9
-0.477901155028169	4.203827948874143	3.4146480788642956e-10
-1.076554202564029	4.450253337228841	2.3155261851490512e-11
-0.07869361302139052	4.500609070186141	4.1982893501888524e-11
0.6910692980528019	3.6938443649502046	1.9842814489886264e-8
0.5400626544046511	4.039979596921177	1.508583312514512e-9
0.380399617559245	3.418218131055091	2.108777975966886e-7
0.9056655103212765	3.797018512384618	6.847757822557722e-9
1.2585300251522382	4.323098678356775	3.6246543352913014e-11
0.922427876281501	3.2662570139497498	2.470104313691685e-7
1.1822896190476877	4.119808416799252	2.4550466073869556e-10
-0.46121579601454926	3.815390637948545	9.227609055015304e-9
-0.7992586248398089	-4.356495418064929	6.708969042561301e-11
1.341260154547357	-4.164554383682115	1.1393311767550832e-10
3.885796807946181	-1.50421822120503	6.542326011040047e-10
3.984427202970222	-0.944866825188963	1.2120470354992518e-9
1.6542999364974393	-2.0702148619990246	0.00002254516308735555
2.314557958975278	0.5415483882868508	0.00007397002198716969
1.7133984586724127	1.0122905011253502	0.00038149900393165257
1.5410331544312204	0.6548924309398799	0.0017187468958021915
1.618414479044467	0.40874854540349037	0.0014882522763898364
4.5718764301906365	-1.114005793917434	6.525221882237787e-12
2.9753279755792437	3.487334636618495	1.8730941441747418e-11
1.8108283135947116	1.7531987391776496	0.00004700096476927364
2.566705584176411	1.6438487218615356	1.8738483950311419e-6
4.120561275361024	2.315363801032319	5.2717152002287136e-12
3.9185657323862335	2.2215139584893326	3.483926351516263e-11
3.5104018356198994	2.787540039516651	4.483233332619109e-11
3.169150711296211	2.5845168356500676	1.2935723791495175e-9
3.8930522421476677	2.587252112030711	8.426163158816422e-12
3.502450584643234	3.1452310253172175	5.977461137737204e-12
2.852958968928642	3.0513391402377574	7.065091259650224e-10
2.4714778997396287	4.049093052273081	4.221592997231546e-12
1.6664593253791873	3.94275394584904	2.2904880772515775e-10
0.5826985904394468	4.761367859096307	4.26163546986085e-12
0.69272095432157	4.173157107156204	4.2664892742558823e-10
1.3193470224775705	3.935352022437275	5.848331051619055e-10
1.4228048797235622	3.2467936655381546	7.849101139688337e-8
2.062464956539452	4.027322373540787	3.291282262035622e-11
0.7908368845514252	1.335619741221938	0.0016773069024242902
2.612229705620872	0.7142278021136604	0.00001266446389991899
2.7503434027570353	0.8552388337984239	4.071399182308698e-6
3.0571596272954684	1.1802162699184182	4.23099640814454e-7
2.6853196356912825	1.0528855343216958	4.299047174561623e-6
3.121246520638436	0.9893946986577091	4.4499861590307956e-7
3.116465503038372	1.4084849456460478	1.7816883599777559e-7
2.3728798590072384	1.7391962120458153	4.269405116659634e-6
2.2154480701991024	1.3203393714317024	0.000025901571017815322
3.0593130304595375	0.6997538224985133	1.0226381334168244e-6
3.338831354848234	1.0152346109954498	1.1366078904044662e-7
3.3099854093793573	1.3815429967985489	5.836309530869927e-8
2.0799338749750063	1.8173872112479874	0.000012247877353788735
3.0854449931385433	2.0577661173279678	2.4939946789328066e-8
3.22891241670175	2.2142086597333983	4.889798484223803e-9
3.729032969007462	2.480170183577522	4.1163596106249564e-11
3.4099270797290346	2.272919828790396	9.458741506078519e-10
2.2300723971119982	2.7627761249512153	7.190160909631244e-8
3.0238389919029673	2.7375881012328436	1.488056995594174e-9
2.044782442746327	2.9148977441281523	8.40279934620143e-8
1.8231006945879569	2.892911741922216	1.9478947566661738e-7
2.5962752288880746	2.449802598373394	8.092986428354787e-8
3.053185435901958	2.401173308965994	7.027942833423634e-9
2.820908884662982	2.792254832653061	3.4953321880288842e-9
2.3834685627957266	2.4242633518670145	2.4788678592291404e-7
2.4802096695463107	3.8369132472335403	1.9411664548107376e-11
2.1662655293631556	2.556868371480928	3.021285874500794e-7
1.9418494011342813	2.536352840446714	9.326600244967389e-7
1.6889967022802899	1.2331668079086093	0.000247802036996374
0.6311809982349171	1.1645149730426572	0.0030984974504584015
1.050494013570266	1.9195034028723115	0.00020317875051190432
0.9685358314081881	1.2303861764124249	0.001673204611056085
1.523769730858394	1.3733923077050936	0.0003314997746774626
1.8695894754769884	2.0025599053928493	0.000011078416196532775
0.6379958866317226	2.1241191704909492	0.00015306709141487947
0.6064047570348505	1.9078809365549765	0.0004136538774665422
2.1575417145806597	1.5987824217525957	0.00001609468012271918
2.0522693855109173	1.146588196732841	0.00008030172703370146
1.9969946672091028	1.4626212715986167	0.000042598471725429776
3.5190854940906493	2.0980828550200354	1.2124065689436235e-9
0.693276922166346	1.5071040312461903	0.0012562170126481133
-0.4857724892056019	-4.531970214406647	2.1466028947261643e-11
0.04660440755327667	-4.59945931606307	1.456801235117372e-11
-1.507374883457136	3.7280680100536743	2.4884172115705684e-9
-2.216463205494287	3.9905249637492033	2.160361445206815e-11
-1.3158120158148503	4.36211551642365	3.136438917319735e-11
4.219943464609054	-1.7054630976549447	2.624898923554501e-11
4.212106039427034	-1.332443881564814	7.80828678828706e-11
4.702997027733087	1.1686482081850524	2.3100785720701406e-12
4.878163779201741	-0.16613490877257245	1.1125595888929819e-12
4.881910322297697	0.27808550284555356	9.530498186961223e-13
4.849916800642556	-0.5530770646218143	1.3362963404462955e-12
4.782001702576105	0.9024428680686948	1.9316966742397706e-12
-1.7894967592498872	-4.547629421646076	1.0164275173551337e-12
-1.4373883158199923	-4.680309348882587	1.0184439387720851e-12
0.008484528513119795	4.89861648438378	8.891013920576192e-13
2.9904061778269546	3.870651246013858	8.153929815737476e-13
-3.3315138179664587	-1.1365958619138041	1.2272688275286425e-7
0.19368422592256632	3.28359946478942	5.553817416445174e-7
2.672626361810916	3.7228843889665373	1.9397671622737352e-11
-1.0754082163305696	2.608481329812923	8.784205397756845e-6
-3.8087569064227385	0.7992545972883158	6.627017207503117e-9
3.5125670156109985	0.8228362716481823	5.909375211731958e-8
-1.514341012189742	4.266651567979785	3.6402184331145046e-11
2.685012347093012	-1.6524655192112538	1.120326272254437e-6
1.3568607182125025	-2.352353454116629	0.000015646413917795908
2.4461515317685456	0.05068942712872485	0.000060115685872757944
-1.1748372097956716	4.001524866784211	9.576392940647719e-10
1.6188209891496677	-3.9312529691270903	4.2547965819682324e-10
-4.1987283798553054	-1.5026010119548678	5.1379780581443234e-11
-4.687432255780666	-1.4122271686256598	8.107033672199781e-13
-3.544701310457059	-2.353753493334097	3.4591562679636677e-10
-3.6267323087452064	-1.8903004377670463	1.770009461580836e-9
-3.2135870759715632	-1.8149019775420518	3.4016926204474166e-8
-3.729332065020665	-1.2923108697909487	3.8145972955122925e-9
-3.369359006996852	-1.382036955553441	5.0284701509211357e-8
-3.073270310669435	-2.021487957302208	3.30530539545482e-8
-2.9314623685790915	-1.308488908866294	9.028973571717455e-7
-3.7024852165202304	-0.3171550382050715	2.8592666070578917e-8
-4.07739716453707	-1.317782037873821	2.0968802214055317e-10
-2.611797924168122	-0.35182776748428407	0.00001989816246493872
-2.0271680429301426	-0.8045329921068042	0.00017705538719851868
-1.6641417904804334	0.2195688736699536	0.0013011735366133287
-2.260198248412118	-0.5353498412056836	0.0000841555503854601
-2.0786544995739	-1.587690495176387	0.000027277420819537447
-1.707312118938776	-0.5998074975601658	0.0007969860707502178
-1.2299993386909516	-2.5227378753221132	8.197516503540287e-6
-0.7835547555531178	-1.0011585701274088	0.004393384487484421
-1.6406652585095083	-1.372539828909667	0.0002205781043784868
-1.8615534056260976	-1.9269509634600666	0.00001602589604782292
-1.5499281465537016	-1.7144380444257317	0.00008937040651543593
-0.18714949540154413	-0.9863706700156587	0.00941072705491703
-0.3672452423529173	-1.668449164972176	0.0010005922036486206
-0.08055100273271211	-2.3309689098483415	0.00009763556025347847
-0.3971976339520644	-1.8815980885224803	0.0004352109561482773
-3.4707975509744746	-0.4329634515526374	1.0865041373940133e-7
-3.079651967510545	-0.023792783993285736	1.8717437295828933e-6
-2.2713058309831697	-2.4457141632778288	4.320633866081679e-7
-2.1796005715749036	-2.0421269182633863	2.972326776497539e-6
-2.2033339855125935	-1.7966317118422073	6.1521390412055e-6
-1.1193603387041535	-2.916116885354611	1.2978338524313592e-6
-1.0066773693130064	-2.075953187756486	0.00008516834315884858
-1.351028550263424	-2.099059288604574	0.00003618473973760282
-2.7779215188935606	-2.437130832343916	2.85339557705181e-8
-2.438464032167358	-1.5365944108933025	4.557157992757632e-6
-2.4705598770495305	-0.028660254910334335	0.00004937201905192458
-2.4689932195795836	0.977021001857775	0.000017708036260591037
-3.346702641352148	0.8854975815663352	1.6584579125094873e-7
-3.2660080726559824	1.261996970512313	1.1525097319860229e-7
-2.000594865424435	0.4384706685447845	0.000321454252319507
-1.6752193337072783	0.589803810422815	0.0010287638557082061
-0.640877087355275	-0.6079182222079844	0.009938818774875154
-1.234735088597154	0.39557899281429865	0.004421202830277924
-1.6392061266358933	0.9190123737078859	0.0007742700207453139
-4.027746694302225	1.116925443355884	6.692541911347038e-10
-3.499175396264458	1.5252913165077102	9.755807263145704e-9
-2.504800477358169	2.2242756283917164	3.9358010976534856e-7
-2.6854289430597795	1.5405428816958828	1.7465558489019809e-6
-4.153532309097441	1.8668818405952337	2.525904236765353e-11
-2.9614168746278966	2.204500890869032	3.937806604034659e-8
-3.0566580376194716	1.5745557079832835	1.7639994766164243e-7
-1.3723334405003236	1.1127379659463645	0.0012041121499987851
-3.141424391387272	3.0568714143546076	1.1961357173954428e-10
-2.7338166639463335	2.5370599010403985	2.697634671415617e-8
-3.1950502475769214	2.677605725430421	8.753812236307807e-10
-2.6556176807098635	3.5923482785596423	6.454485197895547e-11
-3.936224685507196	2.197615353156809	3.891195580464381e-11
-1.9257043566486158	1.6411948505086984	0.000025912778382207212
-2.7457787590024547	3.2160387034412232	4.824701106140816e-10
-3.6971094802591136	3.2065471441726516	8.329648101814713e-13
-2.479380636589614	3.243415558290755	1.5718444586736242e-9
-1.8794138069703665	4.098642917157984	4.5148443515549674e-11
-3.180240130666535	2.2111059584647164	9.013067717623618e-9
-3.613122309640359	2.660631809959804	4.473638522278357e-11
-3.3287406986383123	2.9136876484475507	7.75265345054228e-11
-3.976523810861768	2.849787478821669	8.00367504990625e-13
-3.49094859129437	3.2887702851285816	3.482514213275838e-12
-2.1670015739370503	2.9735724647639166	3.289409357608571e-8
-1.8727071228465215	2.4060833753433317	2.0891001024414094e-6
-2.0698819317933608	1.8267269724771267	9.385995967984274e-6
-1.6541560362457295	3.055051831760535	1.2049192983689894e-7
-1.0612545029838327	1.9181504067418078	0.00022470924329115964
-1.0271042132780899	3.3844352536303717	7.335573193021004e-8
-1.7362551942963214	1.88926857911989	0.000029019449954796215
-0.854111510324778	2.3405604830712337	0.00003965692403511177
-0.9998290538797002	2.1873555757982936	0.0000768986046707101
0.011163609239848108	2.483773111299011	0.000043034341265424226
-4.367473930128729	0.9375312147151226	5.703433837900942e-11
-4.277267225950168	0.5485707524200578	1.6876340527852858e-10
-4.195937645604189	-0.5757743136944805	4.191486990457736e-10
-4.777168623540476	0.9347679713323772	1.4316548177024868e-12
-4.602927866243637	0.3705128509067618	1.1422620635362732e-11
-2.6796744718932115	-2.624877619754027	2.4275858092444725e-8
-2.2984387486571523	-3.2650115165299205	3.3617945337147142e-9
-2.652501339320214	-3.3655860375664743	2.3404739451717086e-10
-2.8257791039391553	-3.2363609675192424	1.967331816824402e-10
-2.7831540080844457	-3.005368190847963	1.0794275875940944e-9
-3.138792057820948	-3.0601297172922948	1.1016009478114e-10
0.23911461400231585	-2.8926433261508566	4.254281050565195e-6
0.7542683198422592	-2.582648369911027	0.00002151794707664758
0.15791661168869464	-3.8413492987097317	9.55920840868596e-9
0.5826397294073006	-2.9865619641071386	2.488303008681721e-6
0.7401930376495047	-4.481965962884703	2.5564835773933316e-11
0.0045544727478116585	-2.8473786836371406	5.875261488599274e-6
0.3522932407182176	-4.481231250583008	4.297714431294679e-11
0.0348874078602971	-4.073861139139076	1.6694910389412285e-9
0.7936640648194797	-4.145677915358397	3.7445400036650395e-10
-0.529876710008325	-2.464395792417187	0.000045069715388990456
-2.939869377701131	0.93639923573477	1.3027508368625421e-6
-2.3511393663198947	0.47755931376403166	0.000058667934334521684
-0.8516421697636465	-0.632236485378405	0.006257740231838691
-0.28432136196740143	-0.48389625841046874	0.01642567036955648
-0.22104766303673704	-0.08408169494654645	0.02010534249694993
0.37008588879499715	-1.096624398119101	0.005401499507325703
0.09486041942080192	-0.6658758556017766	0.01681782587572906
0.6669759648472119	-1.5978044376021863	0.0013746116782108692
-0.6233554209789112	0.7213061903307441	0.007399998468363348
0.7392120077475544	-0.690884943904904	0.007992048677297182
0.43061945949739666	0.06014463876143492	0.01864486728354617
-1.0162015180182653	0.08787368413571195	0.008167455587900052
0.359793099982891	-0.38165654893736795	0.018429982542793273
0.16382441522812266	0.3118181002186655	0.021780270762502323
-0.46847347140292184	-0.29650254308230645	0.014966022487248267
1.105547694437453	0.6826066690844195	0.0051708016376544284
-0.1841730799287372	1.4551428591898452	0.002167827421044116
-0.5739256419494148	1.689882981103359	0.0009096571757546245
0.06595689113740696	1.9318259844921444	0.0004992829548433883
-0.25194650095267457	2.1705759922568792	0.000215239712592404
0.03536092956586605	1.3837643859737605	0.0030851278863025964
-0.04627256120031361	1.770918999089635	0.0008657648742949378
-1.2916003681719332	1.7929397247209569	0.00022944710111015687
-1.3751664442964666	0.7454023799578523	0.002058397506465019
-0.9972616651276903	1.1685568842163945	0.0016920939738577945
-0.7417725599805632	0.3986223573723945	0.011480533362463336
-1.0101453322967568	0.7248178114242373	0.004768424423771044
-0.6789926360404781	4.386101930472845	6.737533360859342e-11
-1.639042244058269	4.052983722226985	1.513212801852646e-10
-4.716166802457761	-0.011734408242574901	5.490071662673103e-12
-1.8636046381604823	-3.3410818879261224	1.2245341315036226e-8
-1.3597632247945257	-3.228953834236613	9.140005433798746e-8
-0.783336843108147	-3.6780396399440463	2.0915895852987387e-8
-0.8301284686073526	-3.2578475860839182	3.2422158780671366e-7
1.3033999095364337	-4.471047522937922	7.957487747310057e-12
0.521487489979554	-3.9587526571556935	2.104854098524214e-9
0.7995025536273855	-2.04778551093333	0.00022543082532586477
1.144514663132418	-2.026755778170215	0.00009655987961990912
-0.617649357745124	1.073128616563948	0.003714618713752607
-0.5337533837952767	3.3892564219425285	1.6864275066481284e-7
0.3234043919094906	2.7022045035073283	0.000016259312243149964
-1.6131844400654725	-4.2461644706207045	2.821285546720195e-11
1.818293707489842	-4.082194877611732	7.554573015108148e-11
3.074633746612531	-3.356163766802832	3.483625238612224e-11
3.2533871345374927	-3.186158374975751	2.977684425713492e-11
3.6977359158322742	-2.655828991965993	2.913018454335805e-11
1.9432302939363848	-2.8826660572721656	1.1711334718906412e-7
1.1270731131638831	-2.564477599673491	0.000011268750857193166
4.071040410948903	-2.113092688104032	1.749794291630825e-11
3.5891294083983243	-2.4713887387527995	1.4209388400712202e-10
2.474793899647744	-3.085663974256141	4.234414653864457e-9
1.4224770504263746	-2.767297686237437	1.439704798449431e-6
1.0813761056166282	-2.7998594330129523	2.952472015275194e-6
2.9085850114230976	-2.0233884553420323	8.488991501336002e-8
3.039396662726222	-2.6198026306215922	2.3603827090214796e-9
3.219338347556345	-2.2781556939396292	3.8768603718925905e-9
3.0216600393584105	-1.8142341812516765	9.154632616193769e-8
2.637580029809655	-2.665968547638091	2.131365273450985e-8
2.3647789989922616	-1.9418653735343123	2.1492202659673987e-6
1.7285672562389685	-1.8430985734837624	0.000038042995556657965
1.9208167780963006	-1.5609171873446785	0.000041425273028163036
1.2901531976317557	-1.310646488434111	0.0008019124897977162
2.1991285388126993	-1.1156258618826767	0.00004635630910108007
1.6981450955673079	-1.2112205173822788	0.00028329533434344554
1.389813877782137	-0.14276159423433543	0.002784291996255573
2.520954019617946	-0.9577942806006062	0.000012936389814300562
1.5966517023633306	0.147360750521569	0.0016366120576454136
1.5023947298286588	-0.5399767730794517	0.0015645939384541267
1.8992024184188974	-0.3401879204397865	0.0005622182844643425
2.51032186523048	-0.6247683789631315	0.000021349376050662037
2.458565940329221	0.3360849341060698	0.00004699493193264337
2.7867580309841666	-0.037995564841351255	9.85835055131631e-6
3.457517936923069	0.14046870774610765	1.5500347962047778e-7
3.910452817310795	0.32761735751878507	6.248723738142133e-9
2.873226909667617	-0.7291678588845035	3.517137005101778e-6
3.405587817580096	-1.2101907561867888	4.340471479160903e-8
4.561389229460679	0.029662210643761133	2.3100068496516106e-11
4.5706513807191795	0.2481619305373009	2.1299673268353742e-11
3.5830352975769966	0.48219192910664865	6.002059717272033e-8
3.3344321323723	-1.6512327512491287	2.1886106061741786e-8
3.5773060868582607	-1.3146252544185175	1.0569986400189648e-8
3.218293836735746	-1.89137341960731	1.831939754867561e-8
4.3792056485328175	1.1855142289549916	2.8413687665836796e-11
0.756170651961408	2.6242970319154577	0.00001529818453561472
0.9180257141251655	2.4530235370213607	0.000024044689532860564
1.4855502992744913	2.9637505810142257	3.6643124435515847e-7
0.19222448603794545	4.725712992571048	4.904613348117712e-12
-0.41742885385628953	4.598102746857302	1.2669493206624466e-11
0.5496038308585168	4.401160500840454	7.610840624016351e-11
0.11655927772405089	3.7494849525856817	2.3460555865658564e-8
0.6132764838968068	3.0449644637980895	1.8218543008392732e-6
1.2520337558874066	3.0696843809529843	3.7563110732062127e-7
0.9731715088084822	4.013983034979554	9.643315654300108e-10
0.7456453854039392	3.4842081748529687	6.522453693360133e-8
1.0911712768553656	3.65958237575857	1.0992819394982342e-8
1.490512324195188	4.264373526424589	3.4935576755060825e-11
-0.7773820084149416	3.9853154960595796	1.7242840630683291e-9
-1.0007879432032034	-4.101009924914911	5.36865469142795e-10
-1.0848234697440298	-4.568438864627957	6.780033902230448e-12
0.9975135071084473	-4.057201042247003	5.353887769623284e-10
4.330660626532173	-1.157184210907515	5.7990594211046175e-11
1.677151035957533	-2.5249689373254465	2.3819421120464757e-6
1.5178131420732246	0.8975569661403013	0.0010421617811700137
4.468294335105346	-0.7469197338969135	3.140670950326142e-11
3.724992615779666	1.8458046958512677	8.571494171814896e-10
3.7572377458803334	3.1337524184394985	1.0824099404175969e-12
3.6622736880921893	1.4569333558441113	4.994083773769845e-9
3.706978045956705	2.8797732295958163	6.907323560250778e-12
2.4291820968902904	3.0642426786934713	6.333350321301573e-9
3.0823699370627926	3.2976600614597404	3.591380496946329e-11
0.930462932039088	4.448313307880044	3.0528551405659344e-11
1.7374457242140238	2.6785158933901885	9.407576956730014e-7
1.629966516935015	3.3936025597871344	1.7597353274531232e-8
1.9256025335440152	3.670426838313437	8.944254434216921e-10
1.6230916110924496	1.6044737185762599	0.0001526777514207869
2.4779389372873393	1.0577082797354784	0.000016027799274915703
2.778636253859139	1.379458755006983	1.3871024717449026e-6
2.949785070656853	1.5301127775212724	3.5245854078022806e-7
2.8016236558869254	2.3741097096596153	4.323897546672224e-8
1.6520028927667547	2.0253137268835197	0.000020713915830957183
3.707630832270837	2.2408236278954243	1.398259239999919e-10
2.4647227649898595	2.813773996309475	2.2494053424054098e-8
3.177246538917101	2.9217318687759857	1.7835913615279275e-10
1.8259651862949786	3.245940591429907	2.139765224091253e-8
1.1667589670988754	1.5880527475405442	0.0004874925437855338
0.9066199687066097	0.9988687913319862	0.003388506962779799
1.0054959537940542	2.120016331293532	0.00009386614890621327
2.03500564940195	2.166436735686953	3.389350018984873e-6
0.298587406615999	2.04692438103533	0.00028149270710903663
1.6888257123527766	2.267028290809442	5.870207636407455e-6
-1.912371757270394	3.727986826478819	6.472567340302363e-10
-1.714870119606504	3.640228339202556	2.4456768026304443e-9
-4.68481786138268	1.4084880742314139	8.747079168198631e-13
4.63543761388712	1.534531147589445	1.2639365213395705e-12
-2.6171044073372816	4.101920052637728	1.433709480779738e-12
-2.946641812317746	3.8850352992348762	1.4351659520137334e-12
-3.262730786658131	3.6311445860821348	1.2211973597538379e-12
1.5435941244686755	4.635299992394791	1.3875175565107222e-12
-0.5387591160352673	4.876202860507794	5.702285396605529e-13
0.8869974639878697	4.801992538823076	1.3336837901377659e-12
2.0595576564994373	4.440952894888757	1.121110787811029e-12
2.6966030087227475	4.0908933202773	7.511118059270183e-13
-3.1333406095012366	-3.7651889430172916	7.261367441055926e-13
-1.6972463826552808	4.589734923272643	9.852185433085766e-13
-2.1178640468394505	-4.405290888397648	9.357776325219856e-13
0.8660714604216663	-4.813819728691065	9.423482317899663e-13
2.0785506099893607	-4.397140231502086	1.8695003716108337e-12
-0.4320805277056675	2.9370944766209623	4.048269720750303e-6
-4.081582161786983	-2.0512947806690036	2.7468183878977917e-11
-2.431971313134371	0.15795565703368358	0.00005378682355090653
3.6940895194020715	1.203945078178241	6.410450929398392e-9
-3.4760774193881456	-2.954507361762305	2.852756743105215e-11
0.6112685483066956	-3.238830700156306	5.463487161503743e-7
4.3673292423283385	0.5290311500326424	1.2675257620416437e-10
-4.43118863187368	-2.0804323484352643	7.610313295991296e-13
-3.165178177943536	-2.624785783942843	1.512295566053468e-9
-3.4229071337561248	0.2637875999320286	1.811470521102792e-7
-2.7631467594459305	-0.8879471418645031	5.240906987387188e-6
-2.9330593879928526	-0.5228127329197501	2.9080347767201668e-6
-2.0664643406602665	-0.16434724063185344	0.0003037663404507063
0.21620979922945724	-1.6945720126135089	0.001209561701833962
0.014158065759613286	-1.9487051190016473	0.0005460893906881448
-3.8461030516262933	0.02983053959254876	1.1267505669774592e-8
-2.0437614536523543	0.9014525196712599	0.00019744034863609694
-2.1724004363581266	-2.8120268314612145	9.756006425146422e-8
-1.7634261186333426	-2.933067991331061	2.1512252356100096e-7
-0.803016527006952	-2.1547419078280017	0.00009048159084228112
-1.9919844440740229	1.2946189110687025	0.00008605759791997072
-4.463349131532651	2.0108588219046797	9.494572468496288e-13
-3.7913660463389314	1.724633760114329	6.872679178317414e-10
-3.600202531674634	2.301792405500086	2.7781655441367157e-10
-1.9811514172380214	3.311340100831558	8.659187603196464e-9
-1.4496967996546277	3.0624679276188216	2.1709507107335085e-7
-0.6234371227839808	2.1024407722784577	0.0001867567482848899
-0.07588557510511314	3.4126031413756244	2.5826267969414584e-7
-4.286662341120994	0.2975189156351162	1.8410663426751365e-10
0.42206925169437226	-2.2294660973646043	0.00014006292826779988
-0.47300429876009453	-3.1612765202602717	9.025405097421005e-7
-0.6704712922940669	-3.501035542428326	9.506558467129865e-8
0.089950361490257	-3.4920492456974563	1.2384645441760772e-7
-0.4685388848983538	-4.286860479211687	2.1095606909698937e-10
-2.9040794238716474	1.2529712695884023	8.964034571850984e-7
-0.8183461659381659	-0.03039260551174904	0.01218203065177528
1.336066403843441	1.9066260194168185	0.00010457416697186225
0.5890837168130036	-0.3145105796794605	0.015449136838434569
-0.5493973072066358	1.433499848092937	0.0021174305235640623
1.0394057234287013	-0.18444889129684647	0.006884551398555926
-0.27129830110513514	1.109060395580717	0.00616731222484016
0.5096567977593596	0.47220251857909556	0.013925505611303209
-1.3110500620641996	3.58888596715419	1.0573925179795351e-8
-2.239844263569061	-4.082035467621885	9.289321367274391e-12
-1.4647724754522622	-3.781074003873884	1.978764391650173e-9
-0.4096094404320188	0.7390993303205811	0.010668553811232124
1.143330183943364	-3.5384519385274147	2.7956308477836678e-8
2.3235067392301123	-3.763245966644989	8.366323528359767e-11
1.6012574119615781	-3.6472823108053802	4.402522146434757e-9
3.3988471796568644	-3.518209530239298	8.696113563753383e-13
3.8698160298191913	-2.981330474523152	1.1443880972159763e-12
4.274351520524825	-2.387316600310488	8.878165633789123e-13
3.3507046137126704	-2.8276463543186954	1.0890353383807327e-10
2.3061915831888053	-2.3523495425155074	5.187437255420959e-7
2.085772617824391	-1.4095289427378135	0.00003635742239966354
1.24121177286815	-0.8420152676411343	0.002145211325189156
0.8948238864961353	0.517242141952939	0.00828300414826763
2.1315422626117044	-0.06695359485031979	0.00024705635783644667
1.9550333712625356	0.598255154217216	0.0004233549613527015
2.2803580489016824	0.8989624280294394	0.00005903412299355026
2.917500562810783	0.5318409226211772	2.505709583980854e-6
3.8297640545365756	-0.10379752307344604	1.2176983941843504e-8
4.224386370130049	-0.1544583546986826	5.156669546658306e-10
4.445777923241141	-0.4986882172623581	5.4599819904439336e-11
3.1884361048440977	-1.2677519910834818	1.9794503418720562e-7
4.283552882444539	0.8595176369357321	1.762809078196292e-10
4.061809810890785	1.3545344428927177	2.5889300691535203e-10
4.565078896131578	-1.7544869911610665	9.576789462985907e-13
3.8084149536438243	-0.7916918030263655	6.646732236102065e-9
3.7271120378475935	-1.1422921944838307	4.796694078539558e-9
2.4994103418633027	-1.3161939464132784	8.29292246311246e-6
3.6249316386126638	-1.8302745420861495	1.6168179539804688e-9
2.7491760327813783	1.789082238778639	4.701795999505009e-7
1.4028028406651816	3.6001196168068	7.405761493099118e-9
2.548557125803857	1.4331453567281507	4.5078358619048495e-6
2.51079238513315	2.0035060172338306	7.357911142488965e-7
2.6577639379937272	3.1532048832905732	1.2585413091844062e-9
3.319419983808693	1.7793239080315397	1.9083061388299258e-8
-2.550001948494318	-4.184760741608566	6.533425487311494e-13
0.20071701624227492	-4.872084697217831	1.414980804592629e-12
1.5886322974534373	-4.619886384390331	1.0273241875129052e-12
-1.2286473072859858	4.725225100789591	1.119181849693157e-12
3.2784679661998575	3.636691392609229	8.496676088592606e-13
-0.538168507352701	-4.851468436150128	1.0976154408824248e-12
-4.8333254723730885	-0.695639351777449	1.2000359037312323e-12
-4.076839005380317	-2.6971790534397764	1.0217256485849499e-12
-1.9437571849550788	-2.630186312994236	5.634490184711672e-7
-0.7202421377434857	3.18870692698083	4.931301178174113e-7
4.132121132992734	1.735579269030527	4.5371900193075735e-11
1.8180780710652438	4.0904841624588855	4.9848651643611946e-11
2.3372853045829443	3.4792810466396014	8.050512199436862e-10
-3.642659491996646	-3.2627419224800804	8.919234092250348e-13
2.8367152387108754	-3.9727117586720637	1.3141769638054225e-12